89
67
96
85
55
68
71
98
80
96
94
81
74
71
83
57
88
70
58
90
60
86
86
83
56
57
72
75
66
61
57
82
75
65
76
100
68
92
55
56
82
55
64
65
87
62
68
97
72
66
100
65
71
82
93
57
79
95
88
87
72
90
97
95
67
65
94
64
86
62
88
95
55
89
56
72
68
65
81
84
69
99
67
55
66
86
64
57
61
60
92
58
70
75
75
60
60
87
95
78
78
79
63
75
97
57
57
90
89
57
63
61
71
67
58
86
72
69
68
62
77
86
79
62
61
100
63
87
55
76
75
68
77
95
88
87
85
82
97
85
70
68
100
56
75
58
65
96
62
59
99
88
88
59
86
97
62
80
88
76
74
98
76
85
65
64
60
89
79
62
71
100
59
66
76
82
77
55
56
75
75
77
58
62
82
55
66
71
80
56
68
86
83
86
75
84
75
59
67
69
61
74
81
75
83
94
66
90
95
79
80
66
74
76
76
70
83
68
79
62
92
96
68
57
100
63
96
60
83
80
56
60
71
57
85
92
57
94
80
71
93
99
57
88
74
86
78
69
86
62
88
85
61
57
97
84
97
58
97
83
86
55
60
99
59
84
83
56
87
71
97
91
69
58
80
79
80
66
64
55
66
83
77
66
70
81
99
73
60
55
76
91
68
72
71
92
100
82
82
91
68
80
78
69
93
86
62
70
88
71
83
67
57
81
95
60
77
98
82
59
62
85
66
78
84
57
83
87
96
59
71
55
78
55
92
86
72
78
84
82
68
58
56
96
72
90
95
63
73
58
67
63
82
85
89
91
99
61
79
69
75
57
75
84
66
62
74
63
93
94
92
98
61
71
94
90
61
79
68
75
56
94
94
87
90
91
97
59
88
86
78
61
97
98
92
92
98
71
86
67
97
69
88
99
95
55
74
92
72
63
55
91
59
97
85
97
59
75
85
79
59
63
81
66
90
87
82
68
59
95
80
82
85
93
93
80
82
58
81
92
99
94
91
98
84
59
85
97
94
86
98
72
98
90
63
75
80
99
89
99
82
63
66
72
87
59
67
60
87
75
76
90
76
59
84
84
78
73
71
80
70
58
86
62
81
89
55
88
72
89
62
60
58
80
79
67
72
77
55
65
69
96
95
86
58
65
55
71
59
74
87
58
74
70
96
93
74
100
61
74
75