4201 3 4 8 -1
4204 6 8 10 0
4205 7 24 25 0
4201 5 5 5 1
4202 10 6 8 1
4203 9 12 15 0
4204 8 7 17 0
4205 3 3 3 1
4201 10 7 2 -1
4202 12 16 20 0
4203 5 12 13 0
4204 6 6 6 1
4205 8 8 8 1
4204 9 40 41 0
4205 15 20 25 0
4201 7 24 25 0
4202 10 10 10 1
4203 6 8 9 1
4204 3 4 7 -1
4205 2 2 5 -1
4201 5 5 8 -1
4202 12 48 37 0
4203 8 15 18 1
4204 6 6 10 -1
4205 9 12 16 1
4201 3 3 6 -1
4202 4 4 4 1
4203 7 7 7 1
4204 5 12 13 0
4205 8 15 17 0
4201 10 24 26 0
4202 6 8 10 1
4203 9 12 15 0
4204 3 4 5 0
4205 7 24 25 0
4201 5 5 5 1
4202 10 6 8 1
4203 9 40 41 -1
4204 15 20 25 -1
4205 6 6 6 1
4201 8 17 8 -1
4202 7 7 10 1
4203 12 16 20 -1
4204 5 12 13 0
4205 6 8 9 1
4201 3 4 6 -1
4202 2 2 5 -1
4203 5 5 8 1
4204 12 35 37 1
4205 8 15 18 0
4201 6 6 10 0
4202 9 12 16 1
4203 3 3 6 1
4204 4 4 4 0
4205 7 7 7 0
4201 5 12 13 0
4202 18 15 17 1
4203 10 24 26 1
4204 6 8 10 -1
4205 9 12 15 -1
4201 12 4 5 -1
4202 7 24 25 0
4203 5 5 5 1
4204 10 6 8 -1
4205 9 40 41 0
4201 15 20 25 0
4202 6 6 6 1
4203 8 8 8 1
4203 7 7 10 1
4204 12 16 20 0
4205 5 12 13 0
4201 6 8 9 1
4202 3 4 6 -1
4203 2 2 5 1
4204 5 5 8 0
4205 12 35 37 0
4201 8 15 18 -1
4203 6 6 10 1
4204 9 12 16 0
4205 3 3 5 0
4201 4 4 4 0
4202 7 7 7 1
4203 5 12 13 1
4204 8 15 17 -1
4205 10 24 26 -1
4201 6 8 10 0
4202 9 12 15 0
4203 9 4 5 1
4204 7 24 25 -1
4205 5 5 5 1